%YAML:1.0

image_height: 480
image_width: 640
use_imu: 1 

depth_lower_thr: 0.1
depth_upper_thr: 10.0
max_y_diff: 1

# Calibration
distortion_type: 0 # 0 for undistorted inputs, 1 for radial-tangential: [k1, k2, p1, p2, k3], 2 for equidistant/fisheye:  [k1, k2, k3, k4, 0].
cam0:
  intrinsics: [389.6706237792969, 389.6706237792969, 323.40972900390625, 232.05543518066406] # fx, fy, cx, cy
  distortion_coeffs: [-0.28340811, 0.07395907, 0.00019359, 1.76187114e-05, 0]
  T_type: 0           # 0 for Euroc format, the following T is Tbc. 1 for Kalibr format, the following T is Tcb
  T: 
  # - [-1.6502178783956989e-03, 3.8159729902645587e-02, 9.9927028965876463e-01, 6.7782305102990950e-02]
  # - [-9.9851533060681685e-01, -5.4469704418659060e-02, 4.3109593323412105e-04, 3.9454274329887521e-03]
  # - [5.4446407816435012e-02, -9.9778599224197440e-01, 3.8192962199669389e-02, 5.7271088389329469e-02]
  # - [0.0, 0.0, 0.0, 1.0]
  - [0.0358583, 0.097937, 0.994546, 0.0397662]
  - [-0.999065, 0.0275536, 0.0333079, -0.0126441]
  - [-0.0241412, -0.994811, 0.0988335, 0.0500039]
  - [0, 0, 0, 1]
cam1:
  intrinsics: [389.6706237792969, 389.6706237792969, 323.40972900390625, 232.05543518066406] # fx, fy, cx, cy
  distortion_coeffs: [-0.28368365,  0.07451284, -0.00010473, -3.55590700e-05, 0]
  T_type: 0           
  T: 
  # - [-1.7994482244809706e-03, 3.8125300859755892e-02, 9.9927134624207070e-01, 6.7388874152142841e-02]
  # - [-9.9850664723202087e-01, -5.4629602899542329e-02, 2.8621758641993639e-04, -4.4419075927211317e-02]
  # - [5.4600708965689082e-02, -9.9777856657747022e-01, 3.8166669478128634e-02, 6.0067053959264829e-02]
  # - [0.0, 0.0, 0.0, 1.0]
  - [0.0358583, 0.0979088, 0.994556, 0.0411812]
  - [-0.999065, 0.0273925, 0.0331658, -0.0610593]
  - [-0.0241412, -0.994818, 0.0987961, 0.0489736]
  - [0, 0, 0, 1]


# IMU
rate_hz: 250
gyroscope_noise_density: 1.6968e-04     # [ rad / s / sqrt(Hz) ]   ( gyro "white noise" )
gyroscope_random_walk: 1.9393e-05       # [ rad / s^2 / sqrt(Hz) ] ( gyro bias diffusion )
accelerometer_noise_density: 2.0000e-3  # [ m / s^2 / sqrt(Hz) ]   ( accel "white noise" )
accelerometer_random_walk: 3.0000e-3    # [ m / s^3 / sqrt(Hz) ].  ( accel bias diffusion )
g_value: 9.81007
